%YAML:1.0
stereo0:
  cam0:
    cam_overlaps: [1]
    camera_model: pinhole
    distortion_coeffs: [-0.3136018573622981, 0.10336164635889268, 0.00018085983911614192, 2.0305045348072912e-05, 0.08163502928836412, 0.053007529083113944, -0.11542582053257477, 0.18945891408169988]
    distortion_model: radtan
    intrinsics: [770.7230507967339, 684.8532773970016, 621.7309017037422, 318.11994101948636]
    resolution: [1280, 640]
    rostopic: /cam0/image_raw
  cam1:
    T_cn_cnm1:
      - [0.9999898701458791, -0.00023588655660209345, 0.004494881885003936, -0.06292695147252635]
      - [0.00023327645926162648, 0.9999998038957574, 0.000581197505395984, 0.00010183539186731745]
      - [-0.004495018100216781, -0.0005801430678191057, 0.9999897290704038, -0.0002082060986112307]
      - [0.0, 0.0, 0.0, 1.0]
    cam_overlaps: [0]
    camera_model: pinhole
    distortion_coeffs: [-0.3246242150018921, 0.1125524723372397, -0.00019305443360574198, -9.379945889001767e-05, 0.08928548015877297, 0.041912070095356184, -0.11123449014560857, 0.20344150427170266]
    distortion_model: radtan
    intrinsics: [772.2756658710279, 686.2022734650557, 638.950259268956, 332.04076227712073]
    resolution: [1280, 640]
    rostopic: /cam1/image_raw
