%YAML:1.0
stereo0:
  cam0:
    cam_overlaps: [1]
    camera_model: pinhole
    distortion_coeffs: [-1.5618265454804185, 4.659639171649072, 0.00016671501648566348, 0.0006727834551028354, -1.0119519380805024, -1.4827453647629625, 4.561535490879503, -0.8595154909027699]
    distortion_model: radtan
    intrinsics: [533.3634894255327, 533.5072167294768, 649.1758523405517, 353.7951705860353]
    resolution: [1280, 720]
    rostopic: /cam0/image_raw
  cam1:
    T_cn_cnm1:
      - [0.9999939834373704, -0.0008813856424294135, 0.0033550332948282685, -0.12002960841674909]
      - [0.0008824521044476563, 0.9999995605838625, -0.0003164022206863273, -3.5187262596487266e-05]
      - [-0.00335475294819795, 0.0003193609732240725, 0.9999943218044917, 0.00017295513437526203]
      - [0.0, 0.0, 0.0, 1.0]
    cam_overlaps: [0]
    camera_model: pinhole
    distortion_coeffs: [-1.5962157061097448, 4.496366127335519, 7.147959532977842e-05, 0.00041033328710176736, -0.8178970446165997, -1.5163136618286652, 4.394711527291985, -0.6635056432707541]
    distortion_model: radtan
    intrinsics: [533.8704833407069, 533.9410286458142, 655.2423536977749, 363.6825939641318]
    resolution: [1280, 720]
    rostopic: /cam1/image_raw
