%YAML:1.0

stereo0:
  cam0:
    cam_overlaps: [1]
    camera_model: pinhole
    distortion_coeffs: [-0.10823781976438934, 0.22924563688133054, 0.00026319321231030557, -0.00020006937485876156,
                        0.07540535745616266, 0.2730611342053221, 0.08213879823837973, 0.2084332030314906]
    distortion_model: radtan
    intrinsics: [530.2403040916095, 472.0065337029457, 627.8690981906418, 283.3165962567086]
    resolution: [1280, 640]
    rostopic: /cam0/image_raw
  cam1:
    T_cn_cnm1:
      - [0.9999509436461581, 0.0004894496829122635, 0.00989296417593623, -0.07003079278398011]
      - [-0.0005603264721328329, 0.9999741893898487, 0.007162861745138554, 0.0011255174475208489]
      - [-0.00988920297208464, -0.007168053650973828, 0.9999254085537852, -0.0006298903345308758]
      - [0.0, 0.0, 0.0, 1.0]
    cam_overlaps: [0]
    camera_model: pinhole
    distortion_coeffs: [2.036768511607815, -0.04924219713655403, -0.0003395498894867002, -0.0006675017260864629,
                        -0.04697756750503476, 2.435050455220505, 0.5552515239450717, -0.14755950240691956]
    distortion_model: radtan
    intrinsics: [530.7724280611603, 472.34006729697484, 636.692445944631, 310.5413597923419]
    resolution: [1280, 640]
    rostopic: /cam1/image_raw
