%YAML:1.0
---
image_width: 1280
image_height: 1088
left_camera_matrix: !!opencv-matrix
   rows: 3
   cols: 3
   dt: d
   data: [656.7575224009456, 0, 636.3995967335052, 0, 656.3766938297126, 540.4756754786636, 0, 0, 1]
left_distortion_coefficients: !!opencv-matrix
   rows: 1
   cols: 8
   dt: d
   data: [-0.32990876095880534, 0.13662699921032978, -0.00013531813117594095, -9.84710031787936e-05, -0.02937890519777009, 0.00014050652399494757, 4.560677311111928e-05, 4.667085000242849e-05]

right_camera_matrix: !!opencv-matrix
   rows: 3
   cols: 3
   dt: d
   data: [659.0957261498398, 0, 632.5403313828651, 0, 658.9494113212542, 539.3174440945205, 0, 0, 1]
right_distortion_coefficients: !!opencv-matrix
   rows: 1
   cols: 8
   dt: d
   data: [-0.33648211988088883, 0.14640319389383946, -9.945169177922777e-06, -0.0002291888331273915, -0.034067021404055015,  -4.29001168046378e-05, -0.00023103725828151024, 0.00012545114191076973]

R: !!opencv-matrix
   rows: 3
   cols: 3
   dt: d
   data: [0.9999953142616191, -0.002907409016669017, 0.0009583462919259559,
          0.0029068591885358154, 0.9999956099808883, 0.0005746204042934068,
          -0.0009600127413120272, -0.0005718319340480337, 0.999999375691693]
T: !!opencv-matrix
   rows: 3
   cols: 1
   dt: d
   data: [-0.079168011922606, 0.0002710668686210683, 0.00333092179027396]

