image_width: 1280
image_height: 1088
camera_name: narrow_stereo
camera_matrix:
  rows: 3
  cols: 3
  data: [656.7575224009456, 0, 636.3995967335052, 0, 656.3766938297126, 540.4756754786636, 0, 0, 1]
distortion_model: plumb_bob
distortion_coefficients:
  rows: 1
  cols: 8
  data: [-0.32990876095880534, 0.13662699921032978, -0.00013531813117594095, -9.84710031787936e-05, -0.02937890519777009, 0.00014050652399494757, 4.560677311111928e-05, 4.667085000242849e-05]
rectification_matrix:
  rows: 3
  cols: 3
  data: [1.000000, 0.000000, 0.000000, 0.000000, 1.000000, 0.000000, 0.000000, 0.000000, 1.000000]
projection_matrix:
  rows: 3
  cols: 4
  data: [656.7575224009456, 0.000000, 636.3995967335052, 0.000000, 0.000000, 656.3766938297126, 540.4756754786636, 0.000000, 0.000000, 0.000000, 1.000000, 0.000000]
