%YAML:1.0
---
image_width: 1280
image_height: 640
left_camera_matrix: !!opencv-matrix
   rows: 3
   cols: 3
   dt: d
   data: [528.6953213954334, 0, 621.6598968327049, 0, 469.7443489102585, 344.7801912987854, 0, 0, 1]
left_distortion_coefficients: !!opencv-matrix
   rows: 1
   cols: 8
   dt: d
   data: [-0.19022404784416216, 0.08737900971037368, -0.00013633102684873613, 2.8387028454768084e-05, 0.037123187744979025, 0.1798687498557986, -0.06820294642386052, 0.10684527621059339]

right_camera_matrix: !!opencv-matrix
   rows: 3
   cols: 3
   dt: d
   data: [529.2760196145524, 0, 654.6320151265384, 0, 470.4236596788936, 318.0571160826385, 0, 0, 1]
right_distortion_coefficients: !!opencv-matrix
   rows: 1
   cols: 8
   dt: d
   data: [-0.08168737119014227, 0.051348177058130356, 0.00010479656330654928, -8.819143676712554e-06, 0.024544736926599094, 0.28711736495579887, -0.06268635878956813, 0.07182651571052037]

R: !!opencv-matrix
   rows: 3
   cols: 3
   dt: d
   data: [0.9999771405493721, -0.0008865181729254466, -0.006703168223329922,
          0.000844157865516232, 0.9999796745904039, -0.006319636347751682,
          0.006708634451158759, 0.006313833352156998, 0.9999575639656925]
T: !!opencv-matrix
   rows: 3
   cols: 1
   dt: d
   data: [-0.06981825961809152, -0.00031854332254735906, -3.61077528349911e-05]

